VUE_APP_KAKAOKEY=8a349746ffce40e9f43bcb1650292a01
VUE_APP_LAT=37.520668439822586
VUE_APP_LNG=126.9027500532661